1675385185830 22.435636520385742 0
1675385185845 21.638378143310547 1
1675385185860 20.664560317993164 2
1675385185874 19.411239624023438 3
1675385185889 17.757043838500977 4
1675385185907 15.797990798950195 5
1675385185923 13.82801628112793 6
1675385185938 11.984597206115723 7
1675385185953 9.596144676208496 8
1675385185969 7.2768731117248535 9
1675385185984 5.862811088562012 10
1675385185998 5.0470099449157715 11
1675385186013 4.324305057525635 12
1675385186028 3.7262728214263916 13
1675385186043 3.3881826400756836 14
1675385186058 3.172882318496704 15
1675385186073 2.936485528945923 16
1675385186087 2.7419068813323975 17
1675385186100 2.568728446960449 18
1675385186114 2.422325611114502 19
1675385186127 2.3326072692871094 20
1675385186142 2.262279987335205 21
1675385186156 2.219491720199585 22
1675385186169 2.167053461074829 23
1675385186183 2.1215131282806396 24
1675385186197 2.076723337173462 25
1675385186211 2.0762226581573486 26
1675385186225 2.0331575870513916 27
1675385186239 2.0178983211517334 28
1675385186252 1.9818025827407837 29
1675385186267 1.9648206233978271 30
1675385186280 1.9438484907150269 31
1675385186293 1.9312304258346558 32
1675385186307 1.939512014389038 33
1675385186319 1.910452127456665 34
1675385186333 1.8987352848052979 35
1675385186346 1.8875375986099243 36
1675385186359 1.9131015539169312 37
1675385186373 1.8861634731292725 38
1675385186386 1.8646457195281982 39
1675385186400 1.892691969871521 40
1675385186413 1.8530895709991455 41
1675385186426 1.8585129976272583 42
1675385186439 1.8263474702835083 43
1675385186453 1.8344717025756836 44
1675385186467 1.8403667211532593 45
1675385186480 1.8120958805084229 46
1675385186492 1.8193378448486328 47
1675385186505 1.8162400722503662 48
1675385186518 1.7895855903625488 49
1675385186531 1.8176686763763428 50
1675385186544 1.775858998298645 51
1675385186558 1.7920713424682617 52
1675385186571 1.7682222127914429 53
1675385186586 1.7704052925109863 54
1675385186600 1.770210862159729 55
1675385186615 1.7597576379776 56
1675385186629 1.746977686882019 57
1675385186642 1.7516416311264038 58
1675385186657 1.7384350299835205 59
1675385186672 1.7722309827804565 60
1675385186686 1.7365336418151855 61
1675385186701 1.737155795097351 62
1675385186715 1.7497435808181763 63
1675385186729 1.7129504680633545 64
1675385186745 1.7343500852584839 65
1675385186759 1.7321748733520508 66
1675385186773 1.7078557014465332 67
1675385186787 1.7106232643127441 68
1675385186800 1.7144999504089355 69
1675385186814 1.703485369682312 70
1675385186826 1.6923521757125854 71
1675385186840 1.6933293342590332 72
1675385186853 1.7118698358535767 73
1675385186866 1.6866176128387451 74
1675385186881 1.6984899044036865 75
1675385186895 1.6716206073760986 76
1675385186909 1.676594614982605 77
1675385186922 1.6843384504318237 78
1675385186936 1.6851589679718018 79
1675385186949 1.6718469858169556 80
1675385186963 1.6930060386657715 81
1675385186977 1.6843189001083374 82
1675385186990 1.653483510017395 83
1675385187003 1.7000000476837158 84
1675385187016 1.6798137426376343 85
1675385187030 1.6743820905685425 86
1675385187044 1.6763489246368408 87
1675385187058 1.6607975959777832 88
1675385187071 1.6666159629821777 89
1675385187084 1.6473493576049805 90
1675385187097 1.648820400238037 91
1675385187110 1.647423505783081 92
1675385187124 1.645249605178833 93
1675385187137 1.6283671855926514 94
1675385187150 1.6518011093139648 95
1675385187164 1.646864414215088 96
1675385187176 1.6532344818115234 97
1675385187189 1.6402345895767212 98
1675385187202 1.6554560661315918 99
