1675385843090 22.790241241455078 0
1675385843105 22.07415199279785 1
1675385843121 21.26709747314453 2
1675385843136 20.31714630126953 3
1675385843151 19.037351608276367 4
1675385843166 17.416582107543945 5
1675385843180 15.316632270812988 6
1675385843196 12.845218658447266 7
1675385843210 10.200675964355469 8
1675385843225 7.573336124420166 9
1675385843240 5.39619255065918 10
1675385843255 3.6871137619018555 11
1675385843269 2.788759708404541 12
1675385843284 2.6615841388702393 13
1675385843299 2.5888569355010986 14
1675385843314 2.4755475521087646 15
1675385843328 2.4285566806793213 16
1675385843342 2.4038400650024414 17
1675385843357 2.3455910682678223 18
1675385843372 2.3261587619781494 19
1675385843386 2.3524527549743652 20
1675385843401 2.301180124282837 21
1675385843416 2.2581958770751953 22
1675385843431 2.2492008209228516 23
1675385843444 2.27211594581604 24
1675385843459 2.236466884613037 25
1675385843472 2.214146137237549 26
1675385843486 2.1826415061950684 27
1675385843500 2.156611442565918 28
1675385843514 2.1495912075042725 29
1675385843527 2.146540880203247 30
1675385843541 2.1423592567443848 31
1675385843559 2.1371703147888184 32
1675385843575 2.1335091590881348 33
1675385843589 2.1538259983062744 34
1675385843604 2.0825822353363037 35
1675385843618 2.0886192321777344 36
1675385843631 2.0385735034942627 37
1675385843645 2.0167782306671143 38
1675385843658 2.0116846561431885 39
1675385843672 2.0148611068725586 40
1675385843687 1.988458275794983 41
1675385843701 1.9848071336746216 42
1675385843714 2.0046546459198 43
1675385843728 1.9688897132873535 44
1675385843742 1.9813261032104492 45
1675385843755 1.950784683227539 46
1675385843769 1.9429796934127808 47
1675385843782 1.9279580116271973 48
1675385843797 1.938656210899353 49
1675385843810 2.0206100940704346 50
1675385843824 1.9625753164291382 51
1675385843838 1.9370486736297607 52
1675385843851 1.9557045698165894 53
1675385843866 1.9177589416503906 54
1675385843881 1.8815714120864868 55
1675385843897 1.958661437034607 56
1675385843912 1.9055540561676025 57
1675385843927 1.917389988899231 58
1675385843942 1.9236875772476196 59
1675385843955 1.9712074995040894 60
1675385843969 1.9288673400878906 61
1675385843983 1.8941329717636108 62
1675385843997 1.9696295261383057 63
1675385844012 1.9032061100006104 64
1675385844027 1.9763630628585815 65
1675385844040 1.9420065879821777 66
1675385844054 1.8920248746871948 67
1675385844068 1.8885265588760376 68
1675385844082 1.8286190032958984 69
1675385844096 1.8532885313034058 70
1675385844109 1.8372578620910645 71
1675385844125 1.8559259176254272 72
1675385844138 1.847900629043579 73
1675385844153 1.883141279220581 74
1675385844167 1.9090242385864258 75
1675385844181 1.879462718963623 76
1675385844195 1.8168599605560303 77
1675385844209 1.8267426490783691 78
1675385844222 1.9071475267410278 79
1675385844236 1.8170419931411743 80
1675385844250 1.7950167655944824 81
1675385844263 1.7869040966033936 82
1675385844277 1.809144139289856 83
1675385844291 1.8031989336013794 84
1675385844305 1.8242391347885132 85
1675385844319 1.8279790878295898 86
1675385844333 1.9005799293518066 87
1675385844346 1.8016643524169922 88
1675385844360 1.8206117153167725 89
1675385844374 1.898711085319519 90
1675385844388 1.8371450901031494 91
1675385844402 1.7833195924758911 92
1675385844416 1.8078458309173584 93
1675385844429 1.8428972959518433 94
1675385844443 1.8322744369506836 95
1675385844456 1.8193669319152832 96
1675385844470 1.8769772052764893 97
1675385844484 1.7640619277954102 98
1675385844497 1.7622313499450684 99
