1675384961681 22.994272232055664 0
1675384961694 22.05465316772461 1
1675384961707 21.251419067382812 2
1675384961720 20.437570571899414 3
1675384961733 19.591659545898438 4
1675384961747 18.77994155883789 5
1675384961760 17.976945877075195 6
1675384961773 17.156784057617188 7
1675384961785 16.34567642211914 8
1675384961798 15.530967712402344 9
1675384961811 14.744492530822754 10
1675384961824 13.922317504882812 11
1675384961838 13.124022483825684 12
1675384961851 12.312532424926758 13
1675384961864 11.511890411376953 14
1675384961877 10.7456693649292 15
1675384961890 9.927404403686523 16
1675384961902 9.160819053649902 17
1675384961915 8.396758079528809 18
1675384961927 7.650674819946289 19
1675384961939 6.94362735748291 20
1675384961952 6.351706027984619 21
1675384961966 5.7296905517578125 22
1675384961978 5.229526996612549 23
1675384961991 4.786275386810303 24
1675384962004 4.299004077911377 25
1675384962016 3.8929715156555176 26
1675384962028 3.453455686569214 27
1675384962041 3.1019108295440674 28
1675384962054 2.8851206302642822 29
1675384962067 2.7695581912994385 30
1675384962079 2.6562249660491943 31
1675384962091 2.575202703475952 32
1675384962104 2.5466153621673584 33
1675384962116 2.5199975967407227 34
1675384962128 2.512829065322876 35
1675384962140 2.5154407024383545 36
1675384962153 2.4894256591796875 37
1675384962165 2.499025344848633 38
1675384962176 2.525116443634033 39
1675384962189 2.525994300842285 40
1675384962201 2.494729518890381 41
1675384962213 2.4904656410217285 42
1675384962224 2.474788188934326 43
1675384962236 2.4817042350769043 44
1675384962249 2.4777443408966064 45
1675384962260 2.4772257804870605 46
1675384962271 2.496272325515747 47
1675384962283 2.4934778213500977 48
1675384962294 2.4727683067321777 49
1675384962306 2.477954387664795 50
1675384962317 2.492595672607422 51
1675384962329 2.4797184467315674 52
1675384962341 2.470653533935547 53
1675384962353 2.489577293395996 54
1675384962365 2.4834842681884766 55
1675384962377 2.4708030223846436 56
1675384962389 2.495702028274536 57
1675384962400 2.493086338043213 58
1675384962412 2.491441249847412 59
1675384962424 2.4794723987579346 60
1675384962435 2.4765818119049072 61
1675384962447 2.501966714859009 62
1675384962459 2.4736649990081787 63
1675384962472 2.4857559204101562 64
1675384962484 2.4862751960754395 65
1675384962495 2.494483709335327 66
1675384962506 2.5066285133361816 67
1675384962518 2.472262144088745 68
1675384962529 2.468928575515747 69
1675384962541 2.4783525466918945 70
1675384962553 2.4683282375335693 71
1675384962566 2.4757494926452637 72
1675384962579 2.4711358547210693 73
1675384962591 2.4844534397125244 74
1675384962604 2.4726827144622803 75
1675384962616 2.490149736404419 76
1675384962628 2.509538173675537 77
1675384962642 2.4962074756622314 78
1675384962659 2.509875774383545 79
1675384962670 2.4920802116394043 80
1675384962682 2.4903781414031982 81
1675384962694 2.466679811477661 82
1675384962706 2.466108560562134 83
1675384962717 2.4795918464660645 84
1675384962730 2.4969747066497803 85
1675384962742 2.4822707176208496 86
1675384962754 2.4766266345977783 87
1675384962766 2.473144054412842 88
1675384962778 2.4691050052642822 89
1675384962790 2.471562147140503 90
1675384962801 2.475492000579834 91
1675384962813 2.4721076488494873 92
1675384962824 2.4761078357696533 93
1675384962836 2.4736733436584473 94
1675384962848 2.466062068939209 95
1675384962860 2.4915401935577393 96
1675384962873 2.483579158782959 97
1675384962885 2.4822494983673096 98
1675384962896 2.4816620349884033 99
