1675385909495 1.765106201171875 0
1675385909511 1.8455629348754883 1
1675385909526 1.8089101314544678 2
1675385909541 1.8124314546585083 3
1675385909557 1.8041210174560547 4
1675385909573 1.761743187904358 5
1675385909589 1.7333238124847412 6
1675385909605 1.7235902547836304 7
1675385909620 1.729313850402832 8
1675385909634 1.8069294691085815 9
1675385909650 1.788845181465149 10
1675385909666 1.7810310125350952 11
1675385909681 1.7491284608840942 12
1675385909696 1.7465046644210815 13
1675385909711 1.7726690769195557 14
1675385909727 1.746132493019104 15
1675385909743 1.7466483116149902 16
1675385909758 1.793993353843689 17
1675385909774 1.780428409576416 18
1675385909788 1.7855968475341797 19
1675385909803 1.7646315097808838 20
1675385909818 1.7149590253829956 21
1675385909833 1.7072131633758545 22
1675385909849 1.7383240461349487 23
1675385909864 1.7548449039459229 24
1675385909879 1.7555960416793823 25
1675385909892 1.7425168752670288 26
1675385909907 1.7486101388931274 27
1675385909920 1.748738408088684 28
1675385909934 1.75113844871521 29
1675385909948 1.7214018106460571 30
1675385909963 1.7269654273986816 31
1675385909976 1.7074743509292603 32
1675385909990 1.6837773323059082 33
1675385910004 1.7216129302978516 34
1675385910017 1.7681223154067993 35
1675385910031 1.7547056674957275 36
1675385910046 1.7022382020950317 37
1675385910060 1.6952537298202515 38
1675385910074 1.6728873252868652 39
1675385910088 1.6564202308654785 40
1675385910102 1.6833745241165161 41
1675385910117 1.7196617126464844 42
1675385910131 1.741633653640747 43
1675385910145 1.7407011985778809 44
1675385910159 1.768897533416748 45
1675385910173 1.6815310716629028 46
1675385910187 1.716736078262329 47
1675385910200 1.6802033185958862 48
1675385910214 1.6484564542770386 49
1675385910228 1.7283329963684082 50
1675385910242 1.7157542705535889 51
1675385910256 1.6944125890731812 52
1675385910270 1.7059670686721802 53
1675385910283 1.6583479642868042 54
1675385910296 1.6564052104949951 55
1675385910309 1.6792891025543213 56
1675385910324 1.6651946306228638 57
1675385910340 1.6649119853973389 58
1675385910355 1.6252151727676392 59
1675385910370 1.624984622001648 60
1675385910384 1.6404820680618286 61
1675385910400 1.7522550821304321 62
1675385910415 1.6556751728057861 63
1675385910429 1.6351155042648315 64
1675385910444 1.6533448696136475 65
1675385910463 1.6644927263259888 66
1675385910477 1.6650692224502563 67
1675385910492 1.636301040649414 68
1675385910506 1.6436959505081177 69
1675385910521 1.6435966491699219 70
1675385910540 1.6021549701690674 71
1675385910555 1.6062543392181396 72
1675385910569 1.6672627925872803 73
1675385910584 1.6757235527038574 74
1675385910597 1.630010724067688 75
1675385910611 1.6148720979690552 76
1675385910625 1.6361644268035889 77
1675385910639 1.6254607439041138 78
1675385910652 1.678077220916748 79
1675385910666 1.6677063703536987 80
1675385910680 1.656069040298462 81
1675385910693 1.6135693788528442 82
1675385910707 1.6774578094482422 83
1675385910721 1.6226173639297485 84
1675385910734 1.6039272546768188 85
1675385910749 1.6260347366333008 86
1675385910763 1.5958993434906006 87
1675385910776 1.6244789361953735 88
1675385910790 1.6080509424209595 89
1675385910803 1.6111974716186523 90
1675385910817 1.622485637664795 91
1675385910831 1.6198428869247437 92
1675385910845 1.727039098739624 93
1675385910859 1.658738374710083 94
1675385910873 1.660302758216858 95
1675385910886 1.6689821481704712 96
1675385910900 1.614741563796997 97
1675385910914 1.6245671510696411 98
1675385910927 1.666637659072876 99
